8811111181 11111111. 1353

18111811, parson 811118 81181811 81, 886, 849, 1181111818,Τ11811188 88, justice of 1118118111 1118
811, 888 18, 818, 811, 881, 888, 881, 11188181 1181188, 1188111, 8881818.
899, 988, 985, 943. ³ .......... 8881811881811818, 505, 705.

.......... 118881188881181118111,11. ........, ......, 1118 daughter Ι88118118, 11118

18811811, 18111111, 1888811111, 88111181 11188- 81 1118118188 8811818, 488.

811818 888 8811188118 181188 81, 1158. .......... Thomas son 81 Thomas, brother
.......... 1818818181, 1118 1118118118, 1157. 81 1881181111 11118 81 1118118188 81111818, 464.
.......... 81181181 88188 81, 1818. 1181181188 111 1118 11118, 8. “
1811181188, 118811 88, 1159. 1188818188, 96.

.......... Simon de, 11188181, 1158. 11811811, 8118118181 8, 168.

1811188188, John 88, 11811111, 1176. See .......... 1111118188 1118881181 811118 11181181-
1811188188. 118,· 1014.

.......... 1111118111, 1818 81, 55. ........., 81181181 18181118 18 8 8818181, 1186.

1818111, 11811811 18, 884. .......... grant 81 8 1188, ib.

1811,1111118111 88, 1111881, 890. 1118 8188, Β1188, 11811111, 1887.

18111111, 8118 3181881188, 8811881181 118- 1118 8111811,Ε1111811111188,11118811881888,
meon, 888, 881. 1811.

1818181811. See 1111811818. 1118 11111188, John, 1191.

1111888111, 8811881818 818, 188. 1118 8811111, (11111811, 978.

.......... granted 18 11811818 11. 111 1118 1118 18811188, Peter 888 811111118111, 1198.

» 818111 81 1118 diocese 81 Barbam, 81 1118118118,Μ118188,1897.

Νο1111811111188, 441, 479, 499, 568, 887, 11181118181111, rector 81 1181118 Marcel

mmmmmmmm &mmmm

980, 981, 969, 970, 976, 985, 978, 975 1111 (181881, 1118118188, 188811818111181181

118811. - 1181, 1888, 1181.

.......... granted 111 1118 8881188811181 1118 1118 (18811181, John, 1181.
kingdom, 111. 1816, 1114. .......... 111881888118118118111118111811188578.

1188188888188, 8861810. 1118 Η81111,181111, rector 81 1818811811 111

11118118181111111181818181111818, 1896. 18888818, 384.

.......... prior 81, 818, 181, 188. , 11811811,1188.

................. Η8811, 688. 1118 Hugh, Adam, 1898.

......... , prior 8118 88818111 81, 407. ........., Η81111,111111111, 188, 888.

.......... ρ1181811811181111881 St. (1888118,,811,8118881ο1818111811118811
81, 81181181 1ο 1118, 1144. 81 1181181888, 545.

111188 18118 181188 118111 888881881188,118111811, 1118 John, 11881888, justice, 8.

8118 8111818111 lieu 81 1111111811 8811188181 .......... Adam, 891.

1118 8881811881, 888, 881. .......... 8188, 881.

⁸ 11188888, grant 81, 71. ......... , John, 1869.

.......... 818811818811181181,155. .........,111811818, 891.
1188811111 81 1188811111, (1111181188, 1800. .......... Thomas, 498.
F 1811, 1118118188 81 181 1118 51811811, 150. ......... , 1181181, 797 .
1181111818, 1188881818, 11881818188, Peter 1118 marine, Roget 8811 81118181, 1848.
88, 818111, 71 1118, 101, 140, 180. 1118 lambert. See 11118 [1811111811.
................. 11881811181111 1111811811, 808. 1118 1811111, Τ11811188, 1181188881 Barbam,
.......... Simon 88, 1174. > 11111818 1118 wife, 8118 1111118111 111811 8811
.......... 1118188888, 188, 877, 1187, 1145, 81181181881181181111, 1178.
11181188, 1111, 1188, 1188, 1114, 8118 11181181, (1888181888.
1195‚1197,120³, 1810,1114,1117, 1265. 1118 Μ8111181111118. See Marmaduke.

 

