91111111. 11911111 . 1899

¹} [1 1118919911 A}

89111919, (11119119, 1191191111 91 1119 89191, william, 911 Margaret 119 111191

111ςέ119911, 999, 919, 999, 991944, 1991, 1999, 1911, 1999, 1111.

911, 991, 9991991, 1994, 1911, 1991. 8911111(1111911),199.
89111111191141. 8911191, Roget 19, 91911, 474, 648, 681,
89119191,91111911191 19 (1911911119 91, 762, 788.

1026. ................. 1191911911 91 1191191, 776,
89111,Η111119,119991191111119111119 881.

119 9111191 91Η911911119, 5. ................. 199191 91 11911911, eom·
8911999191 (11191911), 494. 1119919119, 91.

.......... 1919991119199101111911919 111119, 8911919111, 8991911111, 8911911111,

878, 880. 8911191131819111911111, 150.
891191, 89119191, 89191919, 8911191, 81. ..........11191911999191991,883.

(11199111, 91119191441, 940, 961, 962. ’ .. ...,11191911111919 91 ib.

.......... 19919191187.,991111119111096.
.......... parson 91 the chureh 91, 885, ,1911 19, 191911 111119, 26, 27

848, 850, 859, 860, 875, 876, 880, 895, 519. .

899. .......... 1919119, 91911, 59.

.......... 1911191 the 119191919919111 the .........‚ 81111911 Gen of, 919111, 789.

vill 91, 1242. 8991991911, 8919199191, 8191991911, (1111911
.......... 111111,1911119111[)9811118111,1’5. (19, 78, 275,061,654,1101,1211111118,
89111191, Hugh de, 1999119191119191 1269.

Β91, 1095, 1104. ................. 19199191111119 1111111191
................. 1199191, 91991191991, 872. 1111119111, 552.

.......... John de, 1111999 91 1191111191, ......,..,......,1999199191119191Β91,1098,

19111191 119 bishop 9111111111, 84611107..

1199915911, 15., 1191911915. 8991919 money, 9911991919 91. See 8119-
89111911, John 19,,Μ99191,919911919 91, 19111.

491. 8919191911, 99919199, 242.
891191911911919191119 191285. See 8911119111,911191191(19111199999108.

8911111111ιί9. 8919199119 9111991111 1199199 to 111919,
89111911919,19111119191,1804. ’ 581, 588.

8919919, Roger, prebendary 91 Nonou, .......... 1191919119919919111919, 540.

768, 765 519. 8919919, 11991999 19911911 1119, 101, 114,
· 89191,9911191,Αι1191919,1119 991 1111191, 189, 154, 196, 288, 894, 806, 448, 475,

1191199991 of Rheims, 991-1, canon 119, 191, 999, 911, 919, 911, 991.

91 Paris, 586 ; 9191191991 911911, 5861 8991119119, 1111191, 1174.

canon 91 1119119, 587. 89911911,Η911119,1284. 8989991911
................. 1199119919911111911,585. 8991, Elias, 911191111191, 1261. ’
.......... 9911111 91, 585. ........., John, 91 1191999119, 56.

.......... 1111191 19, 919119999191 1911,........,1119119191,99.

911 119191191191 8119119919, in the .........‚ Μ191991,991 91119191819911,

1199999 91 York‚ 111 19919191 1799911- 512.

ington,in the diocese 91 Durham, 1911919 ........., 11919199, 9111911191 89111, 1176.

9119191111, 537-40. See 8191.

.......... 1191119919, 991191 91111191, 580. ........., 1191911, father 91 1111119, wife of
89191, william, of Plawesworth, 191191 1191111 19 1199991, 511, 518.

19568, 1158. .......... siward, great grandfather 91

81191, John, 1911119191 91 1191111911, 719. 1111119, 111.

 

