1406 0111111111. 1110011.

81001100, Roget de, executor of william 8110011010101010, 0101010 10, 1200,
0101 1101001011, 1101111, 111. See 1001, 1110. See stimuum
01011, 11010110. 8011100111011000110113510711710Μο0

................ , 1110100101] 01 1001010001, 00000 law, 850.

750, 000. , 8011011εεί000 10110 0111001100 011111111ὺο,
.......... Thomu 10, 11001 01 110101100- 8481111, 050, 000, 880, 444.

110-11011, 101. 8011011101 0 0101011 granted 10 namu
81010101, John 110, 010111, 27. by the 0101111, 520. See Moiety.
81011111,οο111,101118,1005,1104.,110010111110010111 0111100101-
8101· [7810110100], 101101 10101 01, 155. 100000111 0111011010, 07.
8101101ογ, 0111 0111 territory 01, 1178. .......... 10 10 101101 1011110 detmoe 01 110
8101101111111 0111101 01 St. 00111111 01 01101011 0111011001, 208.

(10111100000),150. · .......... 11001 ecclesiastiea] 10108001, 0011-
.......... (1001110110,111010111111 01111011- 10010001001000010431.

111011, 5181111, 5101111. .......... 101011100001010011108000
................. 110180001,10110 0111101 01 11100101 10 000100011οο 01 Ῡο01, 501,

00011101,οε8, 070, 884. 687, 641.

8101100101, william 10, 1101111’ 1111001 01 .......... 1101101 10 110 king 10 1101100101,
1101010101111, 814. AD. 1816, 780.

81010100. 811810011οο .......... 000000011οο summoned 101 grm-

810101001101, 0111101000οη1 01, 150. inge, 787. ,

810110, 0101100000 01, 111011011101101 1010- 80111011011, 8011011011, 8011111100, Tum 1

. 101080. 110, portion 01101100101011 01 11111-

81111οΡ0111(Ρ8101111181010),101101“10101 chester, 181, 888, 848, 850, 881, 8,
01011. ’ 111, 000, 001, 010.

stra, Roget, 11011111, 1001, 1101. ’ 0011011, countyof, 001.

8110110010 (1011), 10110 01, 1115. See suits, 0011, letter touehing, 55.

’ 80000010. 8010011011, Τ101010 10, 1110100111] 01

811811101101111101101, 180,815, 840, 861. Omundrelny, 584.

.......... 0111101 01, with the 0110110101 80- 8000001110 1100100, 1270.
100,1131,1185. 8111101οι 1111110110, wife 01 mahol-s, 1111

.......... 1101000 01110 010101 01, 170, 855, 010101 01 Thomas, 000 01 ’11111001 10
848. Ὲ181101111111, 464.

.......... 1101101,101,010,110, 110, 111. ........., 1110110111, 1010. ¹

,........,’111101, 1185. .......... 1110101110, 0011 11110110, 1110 11110 ,

81101111, (1011010000, 01 Laeca. See daughter 01 Thomu 110 8111011010, 480.
Pumii, ................. 01101100 01, 700.

81101101010010101, 10111100010, 768. .......... 11011111, tenant 01 0 knight’s 100

811011001011101100101101, 10 110 0110101 01 [10 8010011 000110], 801.

10111, 537. See 8110110010. ” 80110001001,80,107.

8111111110, 11101011 10, 10000001, 10010, 8100110101110.
heir, 001 1111100 01, 1260 80110111, 1101011 10, 11110101, 1818, 1120.

81011100, ploughs m, 331. 801100100110101 01 All 8011110 01, 000.

8101100, 1000 01, (11111011, 1110 01111100, 334. .......... 0110110101 8111011111 110 010101

.......... “11110011010”01,110111101110110, 304. 01, indulgence to benefactore 001 1101·

81100101101,110111101111101010011111101010110000.

8110011000, John 10, 018100001600, 8011111010, 10 811 11100001.
12071 8111111011, 11011011 10, homicide 01, 717.

 

