1110111111 11101111. x 1405

31111011,11151111115117101011010,115. 61111001511556, 1150, 1141.
stanton, vicar 01, 318. ‘ ................. appointment 01, 686.

......... , inventory of stoeksne, 01, 678, Stichill, 8111616111110611101, binhop 01
110. natham, 154

.......... 5151111111..........,,1111110101,111.
3111151-11-8111,1οιο01,15. 511311111- 8111100110, ,md in, 1205. '

1011111161811111.

Stnnyvess, 1995.

8110111011, ploughs in, 331.

......... , Μ1111 de, Sir, 1011 0001111111 11111, ,
indulgence 101 161 10014 01, 681. . snmdmme’ thu the· ⁰f EVfflWffllfl,

......... , 0116111 111, 1111610111ηοί Anok- 98999 ,401 ¹¹⁶⁸9 ι ⁸⁰⁶ Stywfflmssss·
land, 111, 8101111111, 11, water 01, 1985.

.......... 5011161, 111011,335. Stoekton, 81011100, 8101111011, 907, 477,
......... , John de, 01 1111111110 wife 751,1031,1046,1093.

1431111517. .......... 1111110101,11116141101’1,80. ·
.......... Roget de, elerk, 890, 891. ......., ......, 1611111 10 the, 319, 471, 479,
8110010111, 1711111111 11110111 01, 899. .......... bailiff 01, 977, 1097, 1105.
.......... 1711111111 80111101, 914. ......,.., 161 61160116 16110611 11, 905.
8111101οή6111, pension in the 011111011 01, 8. .......... letters dated 11, 90, 34, 44, 54,
.......... 1111151, 101, 101, 440, 455, 411, 55, 51, 51, 51, 51, 111, 114 511, 111,

479. 198, 799, 133, 169 bie, 170, 171, 179
.......... parsonofthe ohurcn 11111. 50, 111, 114, 115, 111, 196 50, 111,
.......... 1111111101, ο11110101101161,459. 903 611, 904, 908, 910, 991, 999, 993,
................. 11111100 01161, meme. 945, 948, 949, 953 bie, 954, 975, 976,
.......... 1155111 ee, ohaplain, 151. 111, 111, 101 ter, 101, 104, 101 15,
8110031011, rector of, 131. · 310 bis, 311 bie, 394, 348, 349611, 350,
81111151111511111.01,1010,1011,1ο14, 151, 114, 111, 115 51, 110, 111, 400, 1

101110111011,1045,1041,-1041,1051, 401, 411, 401 511, 401, 410, 411 51,

1054,1055,1059,1064,1065,1077,1080, 419, 418, 490, 491, 499 bie, 499, 548,

1011,1011,1014,1011,1011,1011,1101, 541, 550 50, 551, 55111, 510, 511,

1107,1108,1118. 699, 694 bie, 699, 680, 689, 634, 606,
Staures, le, 11111 called, in Bedeburn, 649, 643, 644, 645, 646 611, 647, 061,

1141. 101, 104, 105111, 114, 115, 111 50,
81111111,1111010111111110111101, 97. 799, 731, 784, 735, 736, 737 bis, 739
8111116106. 8118110οᾶ106. bis, 740, 741, 744, 745 bie, 746, 747,
8111111011. 811 81110100. 748, 750, 751, 759 bis, 755, Ι816, 895,
, 8116611116, 8166016116, near London, 896, 897, 898 611, 399611, 831, 946.

letters dated 11, 513, 514611, 616, 566. , 16111111, 8101611111 11, 1131, 1137,
011015551111111114. 1111, 1151, 1151, 1110, 1111, 1111,
Stephm, Aliee de, Deme, 335. 1171,1179, 1173, 1176, 1181, 1903,

Slirling (strivelin), 01111101, stipulation
between the constable 01 161, 160161 .
3150, 1001.

......,..,1415111101,1)114,155. 11041101, 1101, 1110, 1115, 1111,

115111101115141559111110,1111. 1111, 1141, 1141, 1141, 1141, 1150,

811111111, 10 Plauseworth, 11011 01, 1994, 1965, 1970, 1989, 1987, 1988, 1989,
1981. 1990, 1991,1999, 1990, 7995, 1997,

.......... 5111511011114. 11111100.

8111106010, 1110111111 de, indulgence 101 .......... 1061010111 dated 11, 9, 10, 659,
161 1001 01, 507. 1169.

 

